# n(z) estimate covariance matrix (11x11)
 5.8533528e-01  3.0036641e-01 -1.8217649e-01 -8.0849859e-02  1.0145015e-01  6.2654544e-02 -4.2955881e-01 -3.5083560e-01 -2.8942842e-02 -8.6643078e-02 -7.5669023e-01 
 3.0036641e-01  3.5293082e-01 -2.1171342e-01  4.2629602e-02  9.3315269e-02  3.7718809e-01 -2.5434893e-01 -1.9501118e-01 -9.8204449e-02  1.4425287e-01 -4.5144693e-01 
-1.8217649e-01 -2.1171342e-01  2.8917776e-01 -1.4333173e-01 -5.8331767e-02 -2.1650706e-01  6.8772760e-04  1.5357353e-01  1.5246366e-01  1.5772099e-02  9.5224321e-02 
-8.0849859e-02  4.2629602e-02 -1.4333173e-01  2.8869859e-01  1.2449235e-01 -1.5583183e-01  1.3907449e-01  1.1907069e-01 -6.7398492e-02 -2.6199875e-01  3.0803698e-01 
 1.0145015e-01  9.3315269e-02 -5.8331767e-02  1.2449235e-01  2.6643666e-01 -8.7223420e-02 -2.0371285e-01  3.1945611e-02  2.6486081e-02 -1.0957153e-01 -1.3457952e-01 
 6.2654544e-02  3.7718809e-01 -2.1650706e-01 -1.5583183e-01 -8.7223420e-02  1.3993729e+00  3.1733553e-02 -3.9857027e-01 -2.3483406e-01  9.6651357e-01 -2.1956101e-01 
-4.2955881e-01 -2.5434893e-01  6.8772760e-04  1.3907449e-01 -2.0371285e-01  3.1733553e-02  8.5239834e-01  1.3037530e-01 -9.0783075e-02 -2.0130310e-02  9.6702470e-01 
-3.5083560e-01 -1.9501118e-01  1.5357353e-01  1.1907069e-01  3.1945611e-02 -3.9857027e-01  1.3037530e-01  4.3585439e-01  1.6147201e-03 -2.2341953e-01  4.3585046e-01 
-2.8942842e-02 -9.8204449e-02  1.5246366e-01 -6.7398492e-02  2.6486081e-02 -2.3483406e-01 -9.0783075e-02  1.6147201e-03  3.2029794e-01  3.3140589e-02 -1.2939955e-01 
-8.6643078e-02  1.4425287e-01  1.5772099e-02 -2.6199875e-01 -1.0957153e-01  9.6651357e-01 -2.0130310e-02 -2.2341953e-01  3.3140589e-02  9.4703707e-01 -2.7349838e-01 
-7.5669023e-01 -4.5144693e-01  9.5224321e-02  3.0803698e-01 -1.3457952e-01 -2.1956101e-01  9.6702470e-01  4.3585046e-01 -1.2939955e-01 -2.7349838e-01  1.6853598e+00 
