# n(z) estimate covariance matrix (11x11)
 5.8533528e-01  3.0008964e-01 -1.8217649e-01 -8.0849859e-02  1.0145015e-01  6.2654544e-02 -4.2955881e-01 -3.5153125e-01 -2.7112247e-02 -8.6643078e-02 -7.7021321e-01 
 3.0008964e-01  3.5272477e-01 -2.1159089e-01  4.2601024e-02  9.2593207e-02  3.7618099e-01 -2.5333557e-01 -1.9881847e-01 -9.5563016e-02  1.4403076e-01 -4.6751180e-01 
-1.8217649e-01 -2.1159089e-01  2.8917776e-01 -1.4333173e-01 -5.8331767e-02 -2.1650706e-01  6.8772760e-04  1.5783593e-01  1.5073528e-01  1.5772099e-02  1.0799218e-01 
-8.0849859e-02  4.2601024e-02 -1.4333173e-01  2.8869859e-01  1.2449235e-01 -1.5583183e-01  1.3907449e-01  1.1206575e-01 -6.5483909e-02 -2.6199875e-01  2.9389356e-01 
 1.0145015e-01  9.2593207e-02 -5.8331767e-02  1.2449235e-01  2.6643666e-01 -8.7223420e-02 -2.0371285e-01  3.1267626e-02  2.7296848e-02 -1.0957153e-01 -1.4056881e-01 
 6.2654544e-02  3.7618099e-01 -2.1650706e-01 -1.5583183e-01 -8.7223420e-02  1.3993729e+00  3.1733553e-02 -3.9585168e-01 -2.3664167e-01  9.6651357e-01 -2.0620785e-01 
-4.2955881e-01 -2.5333557e-01  6.8772760e-04  1.3907449e-01 -2.0371285e-01  3.1733553e-02  8.5239834e-01  1.2433036e-01 -9.0896401e-02 -2.0130310e-02  9.6786186e-01 
-3.5153125e-01 -1.9881847e-01  1.5783593e-01  1.1206575e-01  3.1267626e-02 -3.9585168e-01  1.2433036e-01  4.2966045e-01  3.8893854e-03 -2.1481355e-01  4.1720844e-01 
-2.7112247e-02 -9.5563016e-02  1.5073528e-01 -6.5483909e-02  2.7296848e-02 -2.3664167e-01 -9.0896401e-02  3.8893854e-03  3.1976923e-01  3.0213568e-02 -1.2711735e-01 
-8.6643078e-02  1.4403076e-01  1.5772099e-02 -2.6199875e-01 -1.0957153e-01  9.6651357e-01 -2.0130310e-02 -2.1481355e-01  3.0213568e-02  9.4703707e-01 -2.5187588e-01 
-7.7021321e-01 -4.6751180e-01  1.0799218e-01  2.9389356e-01 -1.4056881e-01 -2.0620785e-01  9.6786186e-01  4.1720844e-01 -1.2711735e-01 -2.5187588e-01  1.6804935e+00 
