# n(z) estimate covariance matrix (11x11)
 5.8086053e-01  2.3287781e-01 -6.2598372e-02 -6.9068768e-02  4.9470868e-02  1.8547868e-01 -1.9548951e-01 -1.6439550e-01  1.3113420e-01  1.0955162e-01 -1.6987963e-01 
 2.3287781e-01  5.8127250e-01  2.3246870e-02  3.1359010e-03  6.0665093e-02  5.6066695e-02 -1.7445961e-01 -2.6721818e-01  6.8270215e-02  3.7225529e-02 -1.4262584e-01 
-6.2598372e-02  2.3246870e-02  1.2737431e-01 -1.7465453e-01 -1.0376949e-01 -1.0094444e-01 -5.1786852e-02 -6.6126120e-02 -6.4690331e-02 -1.0400315e-01 -1.4501520e-01 
-6.9068768e-02  3.1359010e-03 -1.7465453e-01  7.1510630e-01  3.0062287e-01 -2.1571532e-01  4.5136795e-01  2.0191225e-01  3.6805787e-02 -2.6861956e-01  7.1254220e-01 
 4.9470868e-02  6.0665093e-02 -1.0376949e-01  3.0062287e-01  2.1232457e-01 -1.6568957e-01  6.8522694e-02  6.8183867e-02  6.6600643e-02 -2.1594568e-01  2.6952042e-01 
 1.8547868e-01  5.6066695e-02 -1.0094444e-01 -2.1571532e-01 -1.6568957e-01  1.0435200e+00  2.1944239e-03 -3.0856590e-01  2.0315055e-01  1.1603321e+00 -4.2358140e-01 
-1.9548951e-01 -1.7445961e-01 -5.1786852e-02  4.5136795e-01  6.8522694e-02  2.1944239e-03  6.9260441e-01  1.8693286e-01 -1.9373861e-02  5.7167357e-02  8.5716644e-01 
-1.6439550e-01 -2.6721818e-01 -6.6126120e-02  2.0191225e-01  6.8183867e-02 -3.0856590e-01  1.8693286e-01  3.7479953e-01 -1.2125720e-01 -3.2863303e-01  5.3121826e-01 
 1.3113420e-01  6.8270215e-02 -6.4690331e-02  3.6805787e-02  6.6600643e-02  2.0315055e-01 -1.9373861e-02 -1.2125720e-01  1.3863043e-01  2.1162404e-01 -5.4341581e-02 
 1.0955162e-01  3.7225529e-02 -1.0400315e-01 -2.6861956e-01 -2.1594568e-01  1.1603321e+00  5.7167357e-02 -3.2863303e-01  2.1162404e-01  1.3686802e+00 -4.3098002e-01 
-1.6987963e-01 -1.4262584e-01 -1.4501520e-01  7.1254220e-01  2.6952042e-01 -4.2358140e-01  8.5716644e-01  5.3121826e-01 -5.4341581e-02 -4.3098002e-01  1.7852475e+00 
